%% DEFINICION DE UAVS


UAVpos    = [ -356 -375
             -300  300
             400  205];
      
UAVtarget = [ 300  300
             300 -300
             -100 -300];
                  
vel_max = 100;          %velocidad máxima   (m/s)

UAVrad  = 25;
     