%% DEFINICION DE UAVS


UAVpos    = [ 300 -200
             -356 -375
              400  205
             -300  300];
      
UAVtarget = [-200  300
              300  300
             -100 -300
              300 -300];
                  
vel_max = 100;          %velocidad máxima   (m/s)

UAVrad  = 50;
     